0,243
0,554
0,553
0,472
0,273
0,270
3,2
3,1
3,3
10,232
10,150
10,116
10,224
10,152
10,144
10,32
10,1
10,26
10,2
10,3
11,10
11,20
11,16
11,12
11,6
11,1
11,14
11,2
11,3
9,7
9,6
9,1
9,4
9,2
9,3
8,4
8,13
8,12
8,1
8,10
8,2
8,3
12,2
12,1
12,3
20,2
20,1
20,3
19,2
19,1
19,3
18,1
18,3
14,1
139,5
139,4
139,3
14,3
13,1
139,2
139,1
139,0
136,4
136,3
13,3
136,2
136,1
136,0
134,3
134,2
134,1
134,0
133,4
133,3
133,2
133,1
133,0
132,4
132,3
2,2
2,1
132,2
132,1
132,0
123,3
2,3
123,2
123,1
123,0
0,0
140,34
140,33
140,32
140,31
140,30
140,29
140,28
140,27
140,26
140,25
140,24
140,23
140,22
140,21
140,20
140,19
